00    901
01    320
02    901
03    321
04    525
05    322
06    521
07    323
08    523
09    717
10    522
11    120
12    322
13    523
14    224
15    323
16    608
17    522
18    902
19    000
20    000
21    000
22    000
23    000
24    001
25    000
26    000
27    000
28    000
29    000
30    000
31    000
32    000
33    000
34    000
35    000
36    000
37    000
38    000
39    000
40    000
41    000
42    000
43    000
44    000
45    000
46    000
47    000
48    000
49    000
50    000
51    000
52    000
53    000
54    000
55    000
56    000
57    000
58    000
59    000
60    000
61    000
62    000
63    000
64    000
65    000
66    000
67    000
68    000
69    000
70    000
71    000
72    000
73    000
74    000
75    000
76    000
77    000
78    000
79    000
80    000
81    000
82    000
83    000
84    000
85    000
86    000
87    000
88    000
89    000
90    000
91    000
92    000
93    000
94    000
95    000
96    000
97    000
98    000
99    000
